10000
200
1680
788
1566
1596
1823
395
670
1536
555
1107
954
1257
729
1026
1904
1832
1271
1434
283
1213
32
485
274
1608
313
801
259
217
1997
436
1025
1678
1225
592
1275
1048
987
1945
585
1542
1053
1539
800
1783
566
704
1615
1838
139
1898
1051
172
384
1326
1780
697
128
40
915
126
476
1941
1804
1701
533
1079
750
1520
1025
1335
1063
78
875
1863
1861
1441
568
1477
1279
708
1375
331
880
1760
1658
660
457
1786
700
1373
1912
1177
1314
1717
879
1847
796
1629
1368
1821
964
431
1900
1840
295
1762
1282
863
1239
562
1572
614
894
452
375
552
1112
833
339
1813
206
252
990
1520
1969
1870
1368
766
1499
737
588
464
1168
488
304
1464
250
1586
328
1490
149
1900
105
1043
352
480
1595
1465
1313
1934
1278
1519
186
269
1040
156
139
409
922
1639
1146
1511
103
315
1999
408
1779
250
1995
108
1741
144
8
1846
1187
360
326
783
1826
1639
718
1104
1158
905
1374
199
1061
1514
608
1984
1153
1755
1495
1257
70
1495
1666
1850
1746
1662
1958
1487
1806
1967
1333
994
327
1660
1777
153
1299
496
1258
458
1401
633
657
462
148
1266
447
1302
1021
1942
560
1092
1438
226
942
1185
1888
901
672
1695
869
6
689
1196
1666
467
1350
965
963
609
1424
365
1243
81
827
1391
1347
1275
694
369
1218
1254
1461
656
1480
404
1841
1369
1306
514
1064
175
520
1754
1372
187
222
723
1153
1186
1333
577
1551
576
659
379
1968
7
1654
662
376
872
1917
1837
1529
1398
242
1371
767
1548
1886
1832
1723
407
1587
1096
594
1809
1819
1747
996
1152
325
547
1729
984
927
1697
991
582
360
1368
1455
278
1206
984
1676
1448
356
443
997
242
276
720
649
1863
1816
1244
1673
1636
992
669
788
1317
1217
517
302
145
215
1294
727
576
662
182
854
1868
1167
530
1317
1523
974
314
1766
1251
1035
415
1115
852
1659
788
488
652
1458
1277
1969
676
1795
272
821
10
1566
1548
587
229
1731
1442
98
898
1972
1415
421
947
1730
187
199
765
603
1314
1618
263
103
106
915
1561
1384
885
238
1179
1157
1059
1190
723
608
1777
953
339
1219
1051
1237
1192
467
1659
140
197
1847
339
963
450
1653
581
714
1756
688
1629
1318
72
514
1556
1251
1672
616
442
396
1224
219
1349
1564
1438
400
802
631
868
461
771
1065
309
1110
29
760
764
610
1474
520
1299
1104
1839
1371
1619
1395
623
1291
12
1065
1687
1236
1285
1037
801
724
1437
1603
1355
305
65
127
1371
375
1237
1400
1135
2
11
610
523
1310
1715
362
682
1334
1758
1306
626
1770
372
314
1006
1657
1351
1808
382
789
1412
1737
1094
1477
1864
466
1853
1102
1866
988
1105
1878
1599
1628
1188
1314
1990
1871
649
1748
1178
1275
1518
1550
1589
525
1208
941
333
1590
1730
1746
1328
824
1223
1193
1291
1077
296
1158
65
1401
1036
1665
1030
225
979
1020
96
1628
769
1275
904
287
826
494
813
34
1435
1147
1625
1165
893
954
1990
117
148
1281
1194
445
439
1260
1847
1475
925
877
1701
1905
1897
1798
1534
667
1073
438
955
1899
932
1768
1934
367
916
1560
1532
1809
515
1523
1927
663
804
1121
1108
1244
382
955
720
1307
1833
421
1213
1730
219
747
398
1293
1185
1353
1192
117
1121
1127
485
37
687
18
1847
1202
1541
1774
1866
346
895
975
1590
1278
1931
310
585
1764
732
1798
1495
951
545
1893
244
1731
1246
1437
1849
368
564
334
405
1252
352
253
455
1893
27
321
239
923
1297
1830
201
1228
141
787
992
873
586
488
1824
1132
381
69
863
1627
1506
712
1995
71
1047
401
1323
1399
655
1778
1293
682
100
1533
1606
1397
1363
1808
625
1504
595
1618
378
1182
106
202
314
488
272
1178
116
1779
1891
112
1850
938
513
1174
337
1169
952
1631
1852
1053
1164
1458
450
528
1267
1076
33
1863
695
411
1045
801
614
1359
1290
886
538
1406
665
429
1518
516
1367
32
1690
1704
1201
642
1335
1053
1696
500
512
146
1028
1779
1222
1062
1642
1917
1473
687
719
87
47
10
974
585
1416
1640
1014
934
156
381
967
1846
86
168
489
1422
1222
185
1923
1734
332
951
1514
1555
13
1157
1472
1487
1845
192
1575
1892
202
549
478
1619
190
1493
554
346
1875
1521
193
1962
1690
683
1384
913
868
1308
647
1200
259
162
755
273
1319
228
1761
1164
421
1336
1057
624
1886
1536
244
76
1029
798
423
905
320
616
867
10
1299
252
923
168
1560
1571
1369
1820
1734
125
94
1054
354
1855
219
775
1192
1276
1400
1078
813
1644
1155
1843
443
1578
748
763
194
1615
774
1494
1868
1698
1662
1428
1270
1032
1249
1004
1157
1343
58
1511
1199
278
287
391
1554
1688
1470
368
1333
625
211
1776
204
959
540
399
575
1315
1894
443
1013
1556
1872
284
589
1122
1289
1746
465
1347
1258
1665
1625
1546
56
1180
1235
1527
1548
568
153
1760
345
357
719
886
757
1295
201
651
1738
1215
208
1611
1499
797
733
788
544
1199
136
1803
864
1762
1349
921
943
584
448
492
1153
602
252
1498
960
971
384
1717
266
586
369
5
1801
577
1617
1300
1375
350
89
1919
1550
225
1722
414
1988
1072
1335
931
1657
1784
1423
810
386
1675
309
1347
647
694
1065
914
1280
1434
920
1082
11
537
383
1386
888
472
1306
438
698
1028
852
687
100
188
1618
1758
1973
1042
568
360
718
877
1707
1366
1572
772
280
853
206
1200
1935
218
1738
318
1605
626
791
911
1064
1490
1940
1917
177
41
106
1795
1799
79
838
367
439
1556
1245
147
922
817
919
1203
1671
1126
404
1606
1345
142
1925
950
769
716
1861
1833
206
1801
1751
383
1842
1857
179
1641
1936
1017
9
376
574
1255
523
1497
72
1443
701
1744
570
1105
1350
1915
1248
1275
865
17
1992
727
1850
198
529
1602
582
372
1459
761
13
1396
1779
23
1772
353
1278
296
1850
1351
1740
551
1095
310
1657
445
225
905
1721
1091
922
1713
1819
773
1912
348
375
494
720
1834
1255
734
1230
1034
757
1003
1388
35
1300
1238
1387
1040
1790
482
1350
1447
928
1576
353
650
668
1275
364
487
49
276
835
424
770
1555
259
26
289
1490
1061
1047
493
449
1083
1794
1688
470
834
1478
953
184
926
1882
1761
1280
532
429
556
896
916
605
1173
1751
1029
1943
1307
1289
1969
1597
779
1031
644
1273
1480
1728
1067
1168
199
1901
647
1152
86
1574
1035
1848
854
1568
277
1410
465
1194
15
1638
946
1045
1581
253
334
1551
1851
1113
582
495
387
63
224
1454
1231
423
1356
1879
1576
1443
1453
611
1291
308
180
1568
1718
645
763
1734
283
1709
780
1865
1962
1114
1417
1813
228
0
309
615
63
534
70
1295
957
1426
1174
534
869
628
1146
160
936
1326
1729
655
1971
492
389
255
202
1169
120
165
284
1538
1979
512
1538
288
1128
1601
823
1198
896
1780
624
71
315
1494
699
1461
1655
1635
787
1384
290
759
1877
680
1015
80
1850
1136
245
135
674
224
648
212
513
1776
1814
1336
975
710
1117
1600
781
1432
1094
1480
893
749
1116
1681
134
1407
441
12
87
1456
93
1938
592
338
73
1267
562
721
1479
1076
498
1293
412
1473
4
1529
1074
786
962
168
267
1856
918
1383
1537
1053
790
1978
1066
878
1435
1159
816
28
1497
890
1295
60
1612
774
1136
110
68
1549
1584
73
1079
658
859
41
827
1126
1897
1746
509
1435
799
1300
1413
1866
178
849
1025
995
877
523
1886
173
584
1498
948
1721
1609
1016
1270
1193
1089
349
1852
1948
391
680
1075
288
426
1585
1723
1226
885
1137
1092
1064
1987
118
60
864
642
1946
1038
1226
1444
1986
947
1054
1002
218
247
92
567
100
41
958
780
1117
1247
1206
702
970
432
1587
108
1525
652
95
1643
712
960
285
658
1998
1512
103
1984
459
1157
987
678
1405
1080
1245
1505
1122
204
286
239
1452
1493
941
423
1926
529
531
1451
1181
627
1095
1893
1587
1381
552
1585
893
655
1570
1353
1813
558
31
1218
1638
1277
724
760
1482
1010
1000
934
503
1941
1357
430
470
1889
1881
1651
516
976
1545
104
357
97
1690
1251
753
1260
604
566
1819
635
1784
1457
1913
508
218
1395
1519
1218
330
23
1160
1687
453
1630
1577
335
1282
93
1312
827
197
1670
925
1887
921
1678
1148
1525
244
967
161
29
425
74
538
643
1470
58
1862
1800
81
1022
1488
535
653
1065
870
1935
1158
182
763
1356
1852
1688
1244
774
1367
392
299
1612
1360
461
1642
1785
536
180
429
6
238
292
1806
320
1315
1294
855
1968
360
1725
1904
1519
1908
667
875
1761
356
120
535
1724
513
834
1336
1873
1296
979
1659
1832
1159
88
1838
1398
381
1645
1718
1696
940
574
1664
1300
300
1568
820
208
236
1695
1969
592
1816
505
317
329
1340
1654
202
636
633
1862
468
1793
1950
307
1191
331
1953
910
27
894
1485
1692
195
1785
1260
1015
1994
1497
711
1963
89
527
469
407
856
1809
61
1059
445
694
921
914
487
872
1222
1679
1204
1175
590
1231
70
75
924
265
1861
184
1280
1855
1682
1991
1819
1772
518
288
179
1375
97
240
434
542
935
1356
1457
1422
228
679
1102
1432
1855
1693
664
1925
1769
1588
190
1630
1773
1470
1485
1455
1461
1305
1227
1980
1593
1406
1355
1691
1647
1790
233
582
1146
1691
5
1374
370
1107
807
225
801
1471
151
570
1059
341
200
833
1812
1686
288
1274
991
1516
1254
585
923
609
276
570
399
510
1153
1546
201
1158
920
572
266
1727
798
1067
1199
949
1637
259
1291
1837
1092
1103
1524
1381
377
515
898
1631
1100
1821
241
1377
392
641
1887
1545
187
88
703
1108
660
969
835
1458
37
35
408
1674
294
1699
1512
1386
802
1036
768
1180
1552
1666
811
653
1487
1053
30
1879
1695
1918
1425
1882
6
128
990
667
1098
1826
126
1135
1861
535
810
155
234
322
1542
1037
1359
310
217
912
1976
1029
1566
1464
82
1596
1344
1777
1515
769
1660
1522
897
651
189
1996
477
316
1131
339
851
1942
495
1086
264
37
123
1624
348
340
536
325
1369
102
1789
1452
1699
1133
1229
1214
1902
890
736
800
1541
926
796
18
1243
1928
358
95
1870
853
1181
135
891
1305
1759
1240
1645
296
1565
1015
399
1354
467
98
488
1697
1313
390
587
50
1190
129
977
1987
148
220
1916
506
316
1786
1360
1497
1922
252
802
1681
1492
448
1978
1057
1463
377
412
1931
476
900
1629
1790
1290
217
1840
481
346
818
469
494
1039
385
1001
1355
172
361
852
94
613
1655
1775
105
103
1754
1163
1567
131
1575
1499
608
475
1128
398
1766
1346
239
248
1693
1057
717
188
97
1103
1189
1452
1275
1551
305
1369
165
1960
1145
271
64
899
1434
1631
1031
1009
1131
1639
1485
260
37
1252
1606
277
1500
1300
1335
218
1488
1432
1321
677
884
597
229
1189
1966
394
1150
1112
665
1214
12
99
846
1043
1109
1978
683
595
238
721
1847
1845
998
1348
1145
333
1566
633
1765
888
1311
650
1486
1540
1840
1453
1935
990
565
600
205
577
700
1052
1621
1810
1030
304
405
1268
1026
253
1114
24
1601
259
358
1168
893
124
57
204
774
1543
1745
614
996
1680
1605
1561
281
1810
139
981
862
1761
791
1893
66
1197
1161
1092
1450
275
1116
1052
535
1475
220
1428
1599
277
1633
373
1820
1379
988
816
1059
593
378
1341
404
518
322
1267
280
1114
1160
346
312
322
1438
1763
598
555
815
1133
30
1035
561
1630
1313
195
4
1133
1574
992
1950
633
1586
329
1975
1991
847
298
1258
1128
1413
419
1474
1725
741
913
1488
1339
1469
304
472
1500
1339
1034
1130
652
1229
1134
1786
803
127
1736
1437
1714
66
1412
1705
914
1710
964
42
1123
1384
1516
849
125
430
338
1465
1899
642
1938
1399
1982
973
529
635
203
1664
421
1006
1791
158
444
1505
224
1857
1211
1138
1568
176
1181
691
1560
697
1541
1686
1127
1879
1152
1026
521
1090
426
504
64
955
1139
267
619
1560
1273
411
1719
1718
1917
1944
1575
1129
1082
1143
1305
263
1835
866
961
1376
552
89
1256
1704
1116
1778
795
1542
282
859
498
1421
1126
1118
982
400
1530
701
118
1447
645
1694
576
1728
837
1882
1992
673
748
954
49
1301
1044
1306
1006
160
1084
1801
1703
1366
661
202
788
1787
1320
1770
188
850
472
306
298
1118
0
875
847
838
757
840
1511
1506
1795
1561
808
839
867
1814
1000
1951
1616
703
1318
277
905
107
65
226
1878
253
1077
350
560
1375
1469
561
250
317
1399
1008
1157
910
515
952
472
1323
1792
1339
1138
792
1291
754
1495
610
1032
401
717
1097
628
595
1351
1705
946
1911
1080
416
473
1331
733
1872
340
1891
783
855
843
1255
179
636
595
1318
1428
1886
72
924
496
1105
1325
1214
203
1953
1809
1554
1659
756
1466
739
1172
1939
71
1906
1812
411
1797
595
1267
641
1851
1447
1277
446
766
705
333
839
1629
830
1944
955
44
147
909
1854
1702
568
611
1169
1308
1784
1108
1380
1690
921
1792
1488
1516
1060
130
1368
507
1407
1815
1273
113
149
112
1743
979
57
699
1023
204
1609
878
1907
177
1489
1076
1486
1273
185
866
964
1106
658
452
623
1718
582
1991
226
1990
1807
1500
104
1956
1613
1848
935
1670
547
1959
1875
156
837
1783
334
327
859
1820
1600
1044
686
565
150
1345
1017
774
1064
1600
765
1290
1591
573
791
1695
529
404
1543
1465
75
90
1424
1950
247
262
1733
581
589
593
402
190
1637
1089
755
1788
434
1773
562
1498
1373
1328
789
965
1901
1580
660
431
1985
203
1896
60
294
1321
11
542
1583
1745
1123
173
339
1525
364
1977
615
1119
1766
1049
893
328
548
267
1657
1338
1232
1559
919
1892
1990
904
96
1886
965
391
1207
977
933
791
723
57
964
1062
1583
1328
1039
198
448
805
1248
1341
1134
1796
1609
791
1135
841
351
54
734
341
959
831
228
1925
1222
1436
902
156
228
1625
213
1192
688
1797
521
1728
1995
970
533
1244
312
1668
1040
1921
460
176
763
811
230
1497
1153
1190
328
1381
1115
1551
818
17
1707
1046
1643
1921
239
331
1718
761
59
1714
1731
593
958
44
261
1999
1966
722
175
729
1533
406
227
686
1596
555
68
711
107
887
729
1814
1933
373
1735
173
705
1454
934
764
1168
666
1358
127
710
1620
126
676
342
302
1406
1876
708
1633
563
305
189
632
1016
296
1519
1746
110
1453
119
1846
1626
824
1301
560
1589
470
1227
948
597
1938
568
723
614
911
1025
21
787
1734
1654
1351
39
1843
1983
1056
139
1502
802
250
955
922
97
582
1746
1398
1143
1336
1868
370
284
465
308
853
1189
923
1764
215
945
552
1949
599
1903
1989
443
1887
1045
582
1390
1847
833
346
770
930
928
516
329
71
1853
197
442
137
663
751
990
1853
1674
755
68
619
1307
18
1219
1211
7
1662
1098
1052
245
488
900
1079
834
1670
9
1763
187
339
1834
40
537
277
178
1200
1028
1169
1054
703
1924
1123
1323
1231
1142
542
443
1149
205
1541
202
450
30
1103
1529
864
774
1539
627
961
1878
462
1002
416
739
1180
1616
1767
349
671
470
273
1794
1793
1505
936
336
1948
86
541
1490
289
992
1520
1393
522
385
167
61
1012
1128
1940
1475
131
356
215
1311
1973
1982
1661
645
453
1935
440
247
1441
1377
584
1389
1463
1125
880
1753
118
400
1146
640
785
1313
702
1798
442
643
1274
573
999
1489
1885
973
1472
1547
1619
1925
1482
59
173
923
1436
757
313
900
1883
1193
653
1
1594
1800
641
380
1113
1344
179
1556
1987
1453
129
987
943
15
1960
415
1562
1579
341
1044
1638
514
1968
1075
1272
282
1975
1156
1476
628
1157
1070
428
1799
1451
1542
1143
1630
1099
1130
1084
1228
117
27
1244
78
443
806
1658
784
1851
1296
1299
1820
371
571
102
347
1727
1578
975
885
649
1404
684
100
947
1828
1731
46
958
815
1275
1076
843
520
1154
1286
1326
812
71
1178
109
1370
998
481
1942
1101
828
1669
679
1804
555
1329
1209
1239
1429
156
1068
1160
203
26
1976
1479
1102
820
1999
257
107
1326
1069
178
504
1179
1548
1503
1660
1490
605
488
1160
1285
293
1715
614
1502
955
43
1659
23
1204
1863
50
1181
1342
1153
1
1341
1410
108
667
480
287
1172
1659
1835
676
1319
1326
1281
1808
487
566
101
203
1180
1604
1159
1224
1264
1183
428
1127
1233
1609
469
387
1611
1810
1798
1720
478
278
7
1651
1937
1843
327
1257
1170
1609
1066
1657
175
1168
1861
1356
772
1020
580
36
204
1009
1163
1438
619
1633
1825
231
1444
1623
1951
1922
1901
1959
1574
1839
1803
1901
1097
973
1510
163
631
1686
1332
492
1043
104
1513
1624
141
1717
633
1305
1155
1253
938
981
1484
383
604
1435
305
506
1395
1879
346
1198
1781
1443
171
1292
1607
803
978
939
1296
22
1044
809
1646
1185
527
279
491
1683
1532
1430
664
1017
1813
1269
452
118
1775
1848
1998
121
1046
1780
1565
1218
1072
1172
21
51
111
1317
73
1156
127
1719
341
654
1999
833
337
1531
263
1002
548
76
271
1001
195
46
849
194
168
1896
1974
1733
1114
1047
906
1135
1098
1018
453
1171
174
580
891
516
1234
890
1349
1572
421
1612
575
970
1689
846
1972
1884
893
822
79
1061
718
53
795
1833
1100
1702
969
198
720
1422
1370
895
2
261
1411
1237
1151
761
810
1573
373
1385
544
63
231
516
1948
1124
1339
27
186
58
80
982
1891
1181
684
860
1380
1405
283
750
300
285
1012
1711
1523
164
473
333
1737
846
1718
282
910
1949
798
858
1074
138
885
1261
196
966
244
87
147
928
948
1527
333
1231
278
634
1517
1290
346
1040
1455
819
1374
1193
1666
1092
1475
576
1042
273
1435
117
411
320
1379
608
1286
1623
695
1434
551
1644
961
885
875
1240
1520
393
531
1866
1434
1986
685
808
1179
352
1901
654
929
944
928
364
1061
1340
684
440
1948
1971
64
644
1405
615
288
366
1501
1164
1607
1022
1557
138
888
991
124
1574
1800
1303
1927
1702
1958
856
646
886
1220
1707
226
1904
148
175
1875
212
819
1281
828
1107
1648
330
271
1255
1352
1829
1393
241
821
1517
1816
621
821
1743
323
779
599
970
1666
1819
678
1892
1724
827
68
1599
1040
887
880
1868
1994
528
199
266
1784
1552
96
1177
1794
917
695
1610
1539
1517
1353
1863
297
1952
833
1963
1772
1511
1856
1496
338
1924
1096
1378
811
1977
1247
806
506
1447
1073
290
999
1169
1467
793
86
163
403
1625
1680
1757
1488
1977
1710
321
1941
1482
1833
1797
978
171
1721
74
1550
533
51
797
1339
557
244
412
847
1243
1581
315
37
1668
479
441
1294
160
198
782
138
1908
1104
79
1391
938
1876
369
1109
1598
444
659
131
496
1457
1471
1053
1701
1884
1901
945
1466
217
983
1134
697
1424
428
857
1623
1211
995
1531
316
1075
922
1254
952
1292
364
550
1736
1024
682
233
481
154
1286
182
38
1188
1128
1504
1406
111
639
103
1536
1068
960
1159
280
1956
691
596
1031
1613
1850
1983
906
215
534
643
1239
1217
876
1720
1371
163
1903
1409
1351
1031
914
758
1143
1553
861
679
622
1822
1838
902
1778
529
1498
810
143
1349
793
1049
1565
1328
1693
804
545
569
524
1916
733
427
1326
84
1459
240
842
602
1794
1704
1282
416
1526
1120
1318
1304
1649
817
114
1792
167
908
842
1732
237
536
536
782
1105
1061
699
1838
1489
25
1923
949
266
766
1552
60
470
834
476
1997
1954
1795
1301
1604
613
1416
1397
781
325
239
513
563
775
1050
1346
1881
112
45
1720
1602
71
1644
551
337
410
103
397
881
937
874
878
892
670
180
496
1284
1597
1893
65
1923
133
579
486
909
1629
1832
791
1742
1878
511
1344
1950
155
1895
287
566
1999
685
1448
936
1560
327
1829
230
507
325
1514
104
218
1580
28
352
159
514
1261
1789
347
52
1531
225
564
875
176
719
771
463
1286
770
1149
735
1707
709
1062
1536
940
1569
1862
455
1674
80
35
1703
432
194
217
1694
1984
565
1746
1515
791
310
390
967
1030
1162
1430
317
1933
580
1052
1640
1289
114
1177
230
1684
1039
685
1359
1120
721
1062
1553
916
1279
1247
900
1845
993
415
636
1304
806
1603
334
1968
1034
651
1901
1614
1704
1542
903
1818
720
1133
1503
1760
1819
862
880
540
1924
433
1456
1204
1680
356
1049
674
772
1685
1978
1578
1288
313
1547
322
964
1449
1937
668
991
840
487
1712
1974
1990
1472
1793
852
352
334
777
786
1790
1982
467
147
1031
1141
919
717
1120
497
6
1433
45
329
397
1494
266
1066
486
1107
1554
198
1082
1544
1670
876
397
23
1210
1175
809
1001
1157
1277
1148
189
418
68
907
1538
566
913
971
611
1243
1369
105
1510
436
592
617
1990
790
1699
1535
461
575
1933
484
1786
1108
1294
787
266
571
1936
455
990
4
1363
529
571
277
1500
1182
1520
870
1288
1030
1306
1880
1648
1297
671
1347
832
1132
1923
765
1617
1709
1873
912
497
139
1484
433
595
474
438
1959
1003
1009
236
504
192
1756
1374
1480
787
681
1361
435
1978
32
1783
810
1164
1707
1575
782
1417
1449
1694
1914
1589
1178
348
185
1653
787
144
657
1796
380
1161
1989
137
536
1470
924
1217
831
1360
1196
863
1144
6
28
851
1582
811
268
1032
505
183
621
1684
532
806
1338
1319
951
1995
1116
1331
1156
1105
1469
1693
575
394
911
1407
1754
107
271
899
113
299
1750
1696
1111
19
728
1616
203
1349
1301
736
156
639
55
1108
634
1172
440
1791
278
1909
1485
854
303
396
261
58
503
532
958
617
832
708
313
1943
728
1041
1560
932
391
861
1668
548
1501
1724
1656
136
896
96
1928
1174
6
1413
28
309
1809
290
368
312
822
1326
929
1655
35
1242
1598
764
284
1159
1696
676
21
1365
1224
1522
1089
881
1658
1986
978
1586
1160
984
999
1189
1294
809
1479
1662
1121
302
989
51
1957
1024
1294
1556
1789
1578
715
1486
255
736
851
1480
258
1941
361
1917
1927
1339
1504
1088
323
503
277
1618
1312
1757
1280
434
59
270
485
17
1294
1780
1573
1084
1359
289
570
1614
1025
1422
1094
1284
1363
1455
1202
1291
795
706
379
1119
1210
657
737
523
414
18
957
474
288
1443
491
1583
1224
64
667
583
353
1237
197
1379
659
1291
664
23
747
1866
1314
1542
572
1693
662
1783
351
1399
306
765
1417
1264
1239
1705
708
1730
1288
1932
1795
1956
515
149
1193
712
1528
1853
4
192
1876
751
59
1191
294
632
885
956
415
1236
356
721
1
1773
1986
1241
1479
694
972
768
627
767
724
1142
916
1918
1855
445
1771
1860
638
1648
612
698
839
906
1330
1724
1863
1745
961
219
467
963
1993
453
204
1472
1148
1176
241
1775
1944
965
918
861
883
773
1306
655
634
1945
303
1246
643
1142
152
1973
867
15
1719
1828
235
187
792
228
641
996
1701
1789
173
1942
1565
117
908
483
979
1791
1257
286
446
1891
231
749
1137
875
1892
1289
849
760
1305
568
589
1541
755
1381
1769
1396
378
1471
1186
551
1413
751
669
321
1235
1648
113
492
1934
559
383
166
1309
1521
1041
1202
811
1890
1963
116
459
552
1658
1215
1934
1427
611
312
898
1798
864
312
550
1534
633
1785
1182
747
277
1117
1306
661
1284
616
182
326
1819
993
216
1782
1110
676
335
768
1891
269
196
503
582
1095
301
1446
1407
851
980
41
637
163
789
914
1281
95
1576
565
712
1758
891
532
752
1108
314
1862
1784
649
631
1676
919
828
179
1501
1923
480
947
1331
1332
1928
1373
1969
91
162
884
1373
258
461
1939
971
219
831
1503
972
1939
1817
835
1724
467
1466
1400
1387
294
1580
888
218
61
1836
1549
1393
1765
922
1363
1857
1085
248
1230
1343
709
1169
314
929
0
1817
1901
1940
1635
737
1665
103
203
1066
1490
498
646
379
716
707
215
266
101
1980
1189
1464
1838
274
1713
1068
1618
423
238
1932
1352
239
1750
1254
179
1386
1991
1845
1489
195
911
979
693
1557
1358
1410
264
1574
1676
365
1555
865
1830
1393
1140
1543
461
758
1966
700
691
1319
939
442
573
1118
1828
565
964
1317
760
1875
296
1454
1432
1655
864
1697
1229
541
63
784
1407
1893
177
547
1437
639
1306
1404
1339
1998
723
278
440
1297
1397
268
1862
362
1585
623
237
1882
78
1670
1537
942
1367
767
1484
1430
1551
891
1324
1729
1439
761
369
746
165
1709
744
889
1988
1184
186
1386
1452
49
1748
1037
673
1985
919
751
1656
457
1694
1023
1224
1178
454
776
70
1779
505
1509
541
874
255
707
584
999
1596
572
183
1783
1958
1636
1832
1706
673
506
1692
1593
1257
1348
50
952
372
1275
130
827
51
200
606
556
1710
1147
1431
1965
1854
15
965
1451
588
1149
1234
546
785
1067
252
1459
1573
1944
1052
831
1292
1103
1783
1664
378
1914
491
429
114
1098
986
1824
246
418
1790
100
434
756
1552
1022
1905
786
1569
690
1853
1821
149
1427
1766
1202
258
1059
305
42
723
684
1956
1215
1114
70
314
101
1895
560
519
1686
661
954
442
213
1977
348
999
1546
1038
853
1367
1188
280
1134
390
539
193
696
581
917
1381
537
133
495
608
447
596
504
1008
1116
191
1669
71
634
1883
48
982
882
1594
21
1736
962
1210
16
96
1600
556
290
297
1137
1207
1678
1675
1341
174
284
1788
771
789
797
1887
980
466
1958
1614
349
6
597
1232
1601
618
968
564
1828
985
660
1429
1542
951
1727
679
158
1406
355
1500
1580
640
1288
351
1429
85
239
409
552
197
24
902
204
621
134
1806
1240
1103
370
1069
89
1031
499
1631
1982
227
311
141
1633
666
1641
1213
1307
930
1565
736
1016
1804
1145
1568
2
1170
471
207
1792
606
13
1032
1709
383
102
1799
1415
601
1430
1397
828
1742
1539
462
408
1180
1676
1715
111
1241
452
1127
1046
1597
696
1048
768
1168
1256
560
1774
1269
1592
1484
1653
1695
1283
1068
297
713
466
1126
455
5
1588
864
1186
1264
580
1297
506
1032
425
1552
630
1122
601
1399
290
1858
1959
64
1127
1552
1548
781
1247
831
1850
1545
1545
316
671
1
322
260
866
1508
1524
1447
806
31
480
1232
1584
1111
354
186
510
644
44
469
709
1172
21
258
1953
1269
1090
1803
814
636
119
1485
637
441
1745
1504
1950
1270
951
756
1302
1432
1988
886
543
343
1072
1054
987
1117
1523
1697
289
1545
1955
242
815
1045
46
1629
1681
165
1115
319
607
861
1824
558
132
776
1314
1434
208
1303
320
752
1646
1393
1806
634
510
1330
332
800
876
287
1042
1691
1333
1088
1321
1015
1254
436
1335
1862
1298
1159
420
1430
1935
1735
864
144
1038
1185
897
685
578
703
1320
1089
34
1652
1889
911
1939
932
602
1273
21
1924
289
1275
361
1624
1138
1659
784
1558
1089
719
1293
1953
864
332
1138
1761
1017
1717
465
337
806
500
1989
696
1411
1929
1629
14
1203
1650
1938
1492
925
299
1116
64
1958
1900
1622
1048
620
915
1001
1484
1248
140
1246
265
1857
1711
603
664
211
593
1361
1623
522
990
1637
1726
640
1576
1218
1566
1875
335
1630
1834
235
1252
882
856
168
1884
341
1416
24
1587
1682
1882
1299
286
547
1510
879
1908
1134
1402
898
771
1128
1539
347
346
1105
223
681
736
58
917
1988
941
1773
157
825
115
1574
850
1702
1257
733
1002
1543
1280
513
422
1189
1647
1824
88
418
952
1627
766
1299
733
990
1981
1469
1048
898
1457
1989
672
1615
815
787
1190
1666
490
447
400
1492
1990
1681
5
413
870
1653
237
958
71
1190
586
838
489
1319
1828
471
788
876
1369
246
866
42
1861
1682
830
1051
1349
1320
1499
1749
813
1489
1430
819
1902
301
472
140
1259
544
1330
1845
1382
1820
1164
1211
291
1952
87
1661
199
954
1704
60
637
534
1112
1986
1855
612
1735
669
101
1166
1488
4
1467
1961
145
726
505
1476
572
1888
1297
1737
1099
1589
1690
1187
1250
1889
142
955
1950
779
1489
1063
765
1344
1675
501
14
1777
1667
1502
1782
1134
1464
1927
1861
1970
1403
434
1858
701
172
958
290
1862
146
1541
1752
288
496
1702
1068
1985
766
1833
1330
441
335
1344
218
2
847
1
1137
311
1928
998
282
1332
1433
141
33
1605
1099
324
1467
1246
1865
1220
1535
361
922
603
347
1688
437
1678
130
772
1023
349
774
1870
350
1911
182
279
910
464
1612
344
605
1645
1949
1705
1970
1417
951
1835
637
486
197
1560
1090
545
1249
1527
223
1379
299
1246
1728
1073
1117
79
985
1299
358
1896
1764
1970
240
370
1616
190
75
1586
1608
1027
1422
245
1514
1619
1806
604
164
1055
131
388
434
430
1635
163
1504
752
242
489
52
600
386
1816
571
627
186
187
817
262
1773
425
1289
1196
671
804
815
477
1408
980
1532
1539
1368
1967
1969
1003
130
1474
1756
373
1964
1808
974
350
1625
1545
977
1811
1733
1795
74
1507
220
1364
703
892
168
1518
1369
1576
499
902
1116
1867
869
1085
871
1000
560
627
1373
524
436
348
874
61
1893
1852
1873
1626
1647
1947
1133
1868
1311
1836
760
1480
1355
130
1056
1854
1032
172
1722
1901
1258
594
902
1818
1221
276
342
1658
624
1217
1719
518
1069
1592
144
717
1540
1278
586
851
1115
1346
331
471
1476
1388
326
508
1561
48
410
819
642
1313
638
1864
1589
981
1522
213
198
1242
731
1268
834
876
1986
374
155
572
1226
1270
1919
1558
1742
1395
946
68
1904
507
116
315
1327
759
1628
1966
624
1218
947
147
1432
1146
1389
164
415
223
1041
401
598
1196
974
1824
467
893
1383
209
288
329
277
193
837
394
509
165
1154
138
131
1778
1356
1078
1925
788
225
1314
953
640
1538
1994
1041
136
1190
15
1961
1658
909
1344
1867
1197
1674
145
1391
512
540
1900
677
1694
38
808
1473
1395
1887
1398
184
112
713
1137
753
252
1131
1795
388
322
1811
350
1980
720
1695
1848
1918
1369
1993
1309
1882
534
1210
559
228
1248
1368
1701
643
1255
1100
827
1368
1814
1965
121
66
1096
1917
455
1419
1728
806
1399
448
501
1248
366
1871
1241
1675
1753
1775
885
313
4
134
1681
1706
778
937
807
1606
306
621
1571
428
688
668
345
1143
87
73
1949
1487
521
451
735
888
323
1977
563
76
1753
1449
390
1757
1584
71
1463
362
1009
271
1968
1315
892
1540
1743
1580
208
89
724
296
162
674
1783
684
1125
519
1572
1449
496
136
1525
249
1585
1915
7
1170
1987
1471
1532
996
1742
1501
312
635
1042
56
216
1251
145
940
1547
307
1615
1331
992
741
1851
564
190
347
700
1716
597
286
1632
605
1456
1619
76
989
616
1818
491
928
454
1533
984
670
784
1129
1611
331
1437
1226
1663
429
1967
1514
994
158
1862
1694
1874
460
1980
1506
1065
1437
1125
1141
426
1741
960
917
670
1414
450
1655
85
1235
785
1696
1567
222
922
1230
652
890
744
1647
1048
607
1341
922
1067
1322
428
132
759
1554
1274
1186
1296
235
103
1966
1650
554
1621
1735
1789
406
1431
1356
629
354
587
1282
1244
1332
929
293
1939
271
1215
1006
1594
1644
1139
353
1199
414
1540
495
649
1643
462
300
198
84
35
1988
491
1467
1344
1120
1821
1931
403
1066
1263
1333
1359
1203
1604
575
210
1198
220
1349
1552
1419
1764
1092
1914
413
736
376
713
935
461
749
923
952
216
267
73
38
199
476
1105
1463
1809
465
667
1414
1040
877
612
1260
226
165
680
1990
1258
594
404
1994
971
1118
930
1432
1868
1853
385
85
120
458
124
320
934
1229
1784
744
1694
451
158
735
1328
771
1996
1555
936
676
1546
194
1271
1951
189
243
1070
1119
1676
938
972
61
1023
1093
519
1147
1414
1454
376
1198
198
71
1650
356
807
978
1127
804
534
64
1481
81
258
753
32
448
996
1102
1568
672
40
541
734
1064
1634
1253
211
1049
707
588
248
906
660
1898
1262
1467
877
390
272
1412
454
1753
1493
713
507
1525
1161
1503
628
730
176
669
1271
910
1733
906
164
1944
1955
872
533
203
1778
1193
102
1041
661
979
1432
933
392
1886
687
1885
600
1195
1411
1762
698
39
492
875
708
1763
1786
442
670
1950
387
625
823
920
829
602
113
932
1644
775
1912
1076
1709
304
963
396
189
1563
1592
1600
1325
290
1640
1817
1166
349
1581
952
791
252
902
1178
877
1726
99
1707
328
212
639
1972
987
551
1049
697
856
12
1094
1045
1575
686
646
901
976
287
719
142
636
301
1095
1428
553
1997
607
1431
1724
706
1138
53
919
1778
25
1906
330
1075
603
1186
1087
1698
232
663
384
878
1565
1360
1165
285
1503
1802
586
598
1230
1139
596
1838
571
320
544
1710
373
1463
1488
399
1370
1819
1475
1974
1006
563
1672
1238
1226
56
117
792
1417
1283
1077
921
1086
1663
1519
317
803
116
155
1374
437
699
1084
811
162
573
1211
1533
393
686
1507
1399
1249
1179
638
476
1236
755
1268
653
39
346
1574
1125
10
1094
1442
813
1211
1597
188
1648
296
1273
460
459
1847
1671
1993
240
358
1500
1640
1607
680
278
84
1916
1034
1353
570
1073
1699
145
198
1709
1240
1640
523
451
1238
711
100
1535
1985
560
1994
1832
232
1987
73
590
1488
1713
198
168
1991
282
85
1025
1635
656
98
1335
802
297
1044
42
1938
1567
493
1176
279
594
711
264
1154
705
97
1387
693
170
1977
182
1883
175
351
1875
458
437
900
94
1093
999
1429
1895
1297
473
1938
1235
41
431
411
320
1026
1122
585
181
1828
682
1568
522
852
1545
704
736
1721
1055
611
180
1492
1512
274
586
512
1703
481
1809
177
419
1044
218
851
1456
539
1878
578
1124
59
407
1807
1627
929
659
1173
1634
1396
895
689
7
1075
182
1520
1349
768
33
1053
1250
1842
1230
1670
887
1448
522
344
1987
400
922
1112
459
1330
919
87
260
1579
1260
1894
975
155
584
983
1231
766
504
581
1535
537
1634
786
380
864
456
1268
312
979
1612
300
1379
535
1413
1839
1865
332
1926
125
1912
1187
20
888
1343
604
1872
574
1371
376
1155
906
914
789
1693
1295
1653
149
563
1966
1129
175
267
508
710
1680
348
576
13
274
702
1925
1462
722
814
805
1327
686
1379
698
1063
535
1605
1978
1325
1298
1273
978
1448
1836
945
577
12
1212
1086
723
893
1434
1299
906
1709
2
832
1171
724
1646
1976
51
333
1356
749
1396
1891
355
1374
1216
1653
648
195
1102
484
1141
1679
496
354
765
1220
1247
200
519
154
1909
521
987
1080
1246
633
1057
1298
967
413
48
363
304
403
1738
1521
57
386
1717
1159
871
858
839
1368
1213
1605
588
460
1805
1108
615
1714
1629
1602
795
876
236
1852
174
1203
266
222
1567
571
626
1305
92
683
1692
1810
1842
563
668
681
1931
1881
286
519
342
92
1627
958
1807
1257
561
602
134
797
455
308
1
721
531
1568
1292
1157
873
1385
1841
566
1195
1684
1129
1864
365
1061
1746
652
1580
89
744
1208
1047
552
466
1609
1154
600
406
1610
909
407
332
1440
1975
1625
598
849
1010
440
1415
206
124
545
70
489
1606
1817
1142
1187
1906
1887
395
954
439
861
563
1594
1461
970
1205
371
1378
1537
1812
1353
1163
410
203
173
850
1619
380
975
165
451
1465
1771
268
607
958
175
495
1354
1129
934
216
1693
529
1678
663
1734
49
41
1271
1861
1395
434
272
1599
608
1123
1219
989
98
1384
1440
1563
1156
1709
171
115
1884
666
1469
1014
1600
1685
707
129
1363
1371
1863
1413
1413
1135
1274
809
1570
1546
409
179
669
1628
1169
768
1013
609
331
169
318
502
285
202
1168
1754
1217
769
1440
1925
899
804
1296
763
217
710
1899
1491
1520
1470
1038
1929
1649
1708
1558
818
476
572
1428
807
742
1747
1310
1027
1950
479
781
1167
1248
222
1092
148
1026
389
911
1243
1099
810
735
619
281
1773
549
1931
1481
108
749
1957
680
178
765
1422
1925
76
449
1875
555
1231
1043
1804
1453
135
1953
480
524
864
1723
1624
1675
459
244
1956
232
793
1887
1714
902
637
1672
1582
816
438
1005
741
514
1454
617
1070
686
1660
875
140
1795
828
620
320
1692
344
1944
1368
803
188
1325
1036
982
1212
751
1884
1850
423
1467
666
862
472
1408
1376
1927
26
447
613
1686
1322
753
1482
150
1374
1802
1843
1718
1747
1211
522
1935
536
1558
918
1749
310
802
1600
734
269
266
1596
741
1675
973
669
1701
1420
1282
1387
742
36
870
892
1411
673
736
1129
420
1947
1652
356
484
1211
1274
234
1521
76
1834
255
346
100
1851
1088
1776
824
1757
1477
245
1040
865
987
1077
1735
1880
488
409
616
1617
829
564
1270
1185
1049
481
459
1283
2
536
1117
258
882
1218
109
1971
994
934
1728
471
1179
769
1337
167
1846
1073
48
334
1482
665
1952
311
1229
1222
1497
278
1704
1957
1561
1706
493
679
1965
1376
1897
75
1347
891
1009
1076
1363
189
1846
701
357
1692
1774
405
27
1256
1070
1979
1568
300
1202
1065
578
906
1022
140
613
1515
820
578
892
717
653
240
1609
1663
1317
973
1853
1163
1674
210
855
1448
616
882
704
1686
862
272
1987
64
1338
565
971
360
706
1584
1876
1526
162
768
244
816
1008
1853
479
326
826
333
1489
501
543
345
1949
1159
1228
654
846
90
927
833
155
265
1399
1126
625
106
710
501
1633
873
1269
1877
1689
278
1731
169
604
557
502
94
1058
1046
439
1008
206
1667
1662
1052
1758
589
1886
1913
854
1286
1039
1480
1392
1750
1981
1025
624
1251
903
313
1530
634
483
134
1192
985
229
251
31
668
1259
237
336
922
1290
94
1511
1177
8
366
463
1048
1846
1856
799
1828
881
1423
1079
1784
1737
609
419
220
744
1611
1205
973
1862
1237
1642
1121
1475
1979
43
766
74
1555
1943
82
1922
407
1131
1769
263
1930
1597
1145
1353
676
930
1090
1285
1349
1311
30
960
516
1004
822
1754
646
1944
1230
626
1988
1996
700
1544
1939
783
1466
347
1915
1235
610
1845
832
1755
1199
1509
685
290
795
35
1602
825
995
119
1829
1818
1873
476
1762
1103
1103
1751
1100
1803
1295
1040
587
762
1387
502
1997
1997
348
830
1753
1548
339
439
1839
1134
474
1441
1960
1470
1561
1790
1288
1434
267
1051
538
1370
803
1638
1174
98
678
1762
860
66
265
858
63
614
1688
1817
163
28
256
2
1163
731
1444
1123
201
1005
914
1490
440
1181
542
979
552
1345
617
1726
1443
1296
1488
304
1362
1753
1162
1426
368
851
1243
531
879
1500
534
42
232
1978
1166
434
984
80
1924
1425
1262
466
404
1814
1812
1022
1541
1256
318
1030
1560
1681
784
723
1107
1152
1574
351
1683
454
1852
217
496
84
196
1663
518
1181
1744
443
606
1007
909
1011
821
722
33
363
1978
352
1393
1538
33
178
261
1140
1330
1836
1492
1013
290
1344
1231
787
1428
1428
451
1947
609
195
390
1216
1202
1300
228
24
22
261
388
0
613
1781
1539
646
1959
1801
1787
1290
1637
1280
304
1927
624
1535
715
53
964
1166
0
1573
1362
390
790
564
1690
1018
589
1712
1280
977
1712
1893
759
1252
540
719
1053
328
9
690
1608
314
618
233
1850
1334
286
814
500
286
388
1862
676
1178
427
367
197
1017
79
1477
1994
1792
1371
754
1044
1912
1473
97
241
1483
788
1850
1797
1407
83
1647
741
369
461
1242
656
850
1104
1332
28
1532
1699
226
549
1779
1704
544
1571
1075
1298
616
988
772
714
1229
255
1503
1079
53
910
1163
1701
1652
1532
163
894
188
1013
1998
1521
1042
1531
1221
1268
80
1000
972
624
572
48
1923
1189
1036
695
1904
266
951
1407
1345
1004
317
509
705
1970
41
869
864
230
1882
863
1752
924
394
973
193
474
1974
1165
1099
547
1214
1022
1736
250
1717
1640
517
668
1047
1863
1673
1365
372
379
1335
413
1248
200
644
1130
1063
396
55
1457
1370
248
1932
1344
1414
1031
1891
628
53
1628
879
1771
1268
1396
439
316
1259
113
1682
1631
492
1018
45
1740
1218
689
870
282
1085
925
1739
455
1174
1671
1800
588
702
1692
1216
756
1320
95
527
589
1492
967
905
751
1080
588
382
1572
1607
427
1312
826
1117
183
1108
203
1109
847
659
283
518
459
871
1221
151
88
1977
1472
183
505
61
1676
1472
966
427
552
1555
810
125
1162
1238
1437
1988
355
1621
1097
559
730
1944
1218
1014
463
1678
1885
1685
1830
1973
1663
1302
157
168
1363
1834
1640
330
261
193
1885
1072
318
1048
310
1755
1037
666
1377
134
1225
108
79
444
1122
542
122
1008
228
1952
981
1891
1254
1139
59
618
974
1700
948
1235
1893
833
307
211
1882
618
1967
919
1284
1344
1054
510
1452
1133
954
575
1676
1076
1583
1904
1029
565
1796
284
1705
1855
902
679
1555
1850
1914
1449
684
222
1660
566
840
1628
1486
125
973
541
635
425
1675
1590
1001
1352
666
584
1256
1696
1149
1053
1980
854
908
882
1533
464
733
1448
1913
1418
1671
1574
1984
512
1202
1471
637
175
13
1273
601
1688
863
1602
1040
1530
187
297
1226
1336
1350
1207
191
259
90
1725
723
823
1173
637
241
845
212
226
1357
1414
1698
1995
1590
1711
1269
191
1399
132
1794
440
1663
1981
737
890
1318
88
97
1509
347
187
1234
1071
1011
408
1709
1252
1253
1921
1479
610
1336
1177
606
926
888
1875
1118
288
7
912
729
1671
894
1466
561
212
1555
659
1722
1902
846
956
974
1857
1365
684
1110
618
605
589
1229
1941
1766
1835
868
655
1710
1986
944
1718
899
1673
1389
1793
1140
1951
6
696
610
1728
598
1457
685
1573
1315
50
257
425
668
863
1014
1898
805
781
1733
1673
1437
1443
1659
382
1162
558
56
552
352
1196
503
358
1893
1114
87
491
571
772
65
1886
822
323
312
1491
1186
1327
1389
1991
109
1123
1665
1546
567
1324
1929
1729
1883
1985
281
235
1182
785
594
1075
1899
681
1567
471
1454
1633
357
277
1956
669
1768
1143
1997
1158
1135
106
281
800
1652
848
125
1582
578
8
1567
859
244
750
1644
838
1825
1544
1520
1393
15
974
1026
372
1251
983
1042
1020
126
1039
178
1262
1145
460
62
798
1309
187
381
1887
196
1948
747
440
699
392
1278
524
1936
798
1918
1951
1772
944
324
1024
1927
1367
44
54
407
223
1316
1553
684
1379
352
1993
1566
733
1881
1762
682
628
202
1381
1021
1481
1906
957
280
1824
909
52
769
1234
1077
697
601
1121
751
1009
1345
68
562
29
1447
914
23
1014
1648
1904
777
330
533
980
1712
1554
461
1618
512
741
1442
1421
794
211
655
1871
908
1257
993
1660
266
338
1728
828
368
1176
1743
391
190
1392
295
967
1722
828
1947
1435
383
409
1053
895
1150
495
317
1945
707
972
1817
1616
229
811
1277
495
1149
1006
1324
1517
182
1068
1908
372
460
204
1340
183
1033
1288
1618
1416
1697
672
312
848
1168
629
794
1875
1602
611
1492
1831
1422
769
327
572
1775
1652
90
1958
720
1999
331
1181
203
1671
1365
1237
960
984
654
657
1656
966
1506
824
1596
300
700
1198
912
193
1029
335
963
1357
907
738
1009
998
697
1730
997
1028
911
1201
700
277
438
1660
1261
1093
318
917
59
1824
1742
1656
125
442
854
1037
636
1884
1373
1599
1241
281
338
251
1279
1035
1981
277
63
893
1479
763
1170
1918
424
431
1011
742
1349
1071
566
1091
727
692
1534
1582
1730
170
1466
1103
1770
708
1384
108
959
664
1143
941
941
1207
1834
420
1971
1004
338
395
1436
1350
1137
786
421
1704
1878
1148
396
1413
731
126
1584
197
1230
1354
906
614
1462
1866
1278
605
807
220
1813
642
640
1784
1647
979
179
1084
329
1316
1870
750
1021
1748
1899
1417
1161
630
1544
745
828
774
99
1734
1389
1561
1601
667
167
408
887
1980
1051
1528
1765
698
507
1944
1782
837
1261
1652
1587
282
1401
1487
1700
562
118
1244
1308
946
19
1407
681
1408
969
282
76
1137
691
964
1118
1742
492
883
440
1000
827
223
1837
89
1876
1424
371
1277
912
71
1840
1030
1316
1148
1976
1336
556
658
745
1526
940
821
663
1631
1785
1782
1374
278
665
1814
1278
1493
38
1115
1582
1914
540
1954
1192
1452
26
1032
482
1343
180
459
679
736
1118
1424
262
58
246
926
1690
31
708
1064
309
1374
879
1588
868
917
703
451
832
1243
405
24
696
432
1056
1179
1775
1236
1639
454
1973
757
1879
236
815
125
1163
506
157
1872
1570
467
1247
449
55
115
1367
759
567
199
3
973
223
699
1405
1279
1879
1180
516
1518
1635
490
275
1515
727
1091
1640
1890
1597
1798
1763
1168
265
1010
1617
321
1126
985
1080
1693
1184
1083
666
1407
1783
71
687
1662
1252
1204
1181
888
1694
1456
403
422
548
44
312
146
1842
76
1314
107
1086
932
429
212
1917
1509
1905
1101
593
572
509
377
644
1196
39
1896
400
1220
784
95
677
1188
517
1225
1232
830
1372
1074
906
686
1182
1992
1618
1611
205
1535
1121
111
637
1715
683
1146
92
1327
343
132
1224
744
1352
8
839
30
1197
1357
1256
429
187
628
1503
1093
1314
685
1086
933
297
1292
469
1418
1403
1106
1133
87
253
1226
1414
596
1358
638
1340
711
647
180
741
1844
1537
1998
273
1724
626
1777
818
1941
463
1905
875
760
1197
1344
179
600
451
1313
687
704
539
102
1301
1897
741
642
609
1389
822
1350
1233
359
1348
1507
84
1975
1285
902
1917
1748
808
792
509
5
136
688
606
588
1
1294
1293
541
1397
594
439
138
1237
1048
1527
59
399
761
419
1748
269
503
1723
1554
1406
1641
1302
214
433
1812
219
570
500
826
1158
502
120
451
1044
1517
1046
1483
1656
283
531
1183
343
931
1944
762
679
213
1265
403
1768
672
44
1071
886
477
883
1106
1048
1383
1933
206
1886
54
658
930
1572
1705
414
1228
1988
945
411
332
1876
356
1094
556
570
360
959
339
1032
1003
1410
1919
1481
293
1026
529
1677
959
736
1563
1013
1394
494
585
1099
908
1813
1088
1854
225
1420
1731
582
515
287
1153
875
1247
1492
1908
250
902
1828
1731
1196
854
261
873
1814
997
437
827
391
932
1413
1491
1840
1227
580
1695
1453
1
1426
35
517
1714
1189
1393
961
681
1301
1211
1584
1129
943
780
1984
1205
1654
1798
202
91
626
594
1023
39
86
864
1266
666
559
719
668
1986
755
1185
1700
1944
578
662
626
1880
1874
211
1010
817
991
994
23
646
793
225
737
1419
819
1761
1458
905
626
725
1572
1186
1444
241
1172
199
1427
873
144
6
1535
770
1886
1409
982
897
227
1973
1892
250
620
685
476
1358
104
1296
1120
1563
202
1746
288
1775
932
1732
16
105
1932
1443
979
77
1450
515
847
1336
1925
1830
234
152
1804
126
403
424
811
880
1782
916
176
902
479
378
648
767
153
1581
500
170
1687
433
1614
667
510
1064
1182
1358
401
1107
1188
635
1260
992
761
1664
1416
1573
544
1198
489
721
101
968
1100
750
1736
1253
331
237
1424
19
670
1038
686
1180
103
1868
539
504
976
1727
1140
237
719
1901
1901
135
1474
446
1334
1963
1167
1435
932
267
185
669
1521
517
907
946
537
1577
1985
1223
758
88
1092
1297
593
69
1024
1733
306
1744
1634
207
1880
1109
654
1214
1073
1821
650
6
89
836
675
1611
1354
1582
557
1891
1160
542
1115
1919
630
207
1216
1223
276
241
957
583
1985
591
791
1865
1701
1445
1080
774
1266
1730
780
1356
567
1456
967
1921
1039
1524
1812
200
66
927
119
697
1135
1336
1921
1411
1577
878
1995
1563
1469
786
1429
1171
231
509
1945
1498
240
726
854
807
183
1822
728
1223
1346
541
1423
1413
1468
1543
110
603
879
31
15
457
910
10
21
380
797
1450
1551
1028
1960
1496
527
201
223
1382
1009
406
1204
1738
1629
551
279
1053
1964
1748
596
75
352
1475
107
367
1933
1017
378
1954
1397
1176
1405
948
204
1366
445
732
1567
668
114
576
1075
1318
315
705
1869
594
1758
1834
343
354
1909
695
1830
17
1063
1763
1035
1442
1718
432
618
1123
1381
823
489
1827
1555
57
496
1669
634
1572
987
949
277
857
1543
35
691
1886
390
601
582
220
619
1645
1984
1654
1087
1703
87
1705
826
1469
528
1316
1296
83
1373
1793
1752
7
1365
740
956
1642
1597
500
1678
289
387
69
891
969
290
1510
615
274
1165
1702
1977
1252
1408
804
721
1937
120
18
20
1494
1812
1773
1502
1177
514
458
820
112
959
499
401
1347
568
1293
317
858
803
932
1133
1968
635
1111
1221
44
1916
1943
1981
36
1962
2
1531
1774
1775
1033
952
290
1492
1772
402
452
271
804
1799
840
97
116
1698
901
1049
832
870
1685
1943
91
1729
1859
35
1710
1896
1997
1712
1428
1772
1488
461
724
1778
1953
497
181
405
768
985
205
1609
1083
322
1308
1984
1371
140
854
1056
84
946
786
1944
981
496
1840
979
208
1268
751
1697
1730
1476
1475
1684
1973
1656
90
742
642
295
351
1725
617
1659
1709
1989
1799
564
1046
1884
1511
1832
1828
493
329
1669
1472
537
938
224
235
668
1700
1710
352
1674
1367
443
416
10
738
767
1735
1356
426
1445
1346
226
10
392
111
1521
225
1939
14
554
1608
1487
1092
546
1711
1327
1215
1412
1038
1567
1086
406
10
1503
416
749
270
152
106
697
1597
1452
924
1607
1845
1035
1128
70
975
1143
625
583
630
1717
1130
342
1045
345
1755
84
1913
841
490
1924
344
907
673
615
1059
780
1313
657
232
237
265
78
1273
1394
149
248
537
774
831
1168
492
1962
1510
1538
307
1265
1622
220
107
113
144
452
1020
818
1067
80
1599
380
737
1831
618
1003
1910
1891
397
59
140
935
834
971
103
1326
934
1613
865
1241
878
487
1462
986
600
1606
1438
1621
425
505
1701
24
886
439
1856
1505
1443
1766
1396
1840
1826
1536
776
660
508
879
1987
1442
492
852
684
1371
1340
146
357
1941
1753
1795
1562
178
301
1264
203
1188
1704
59
693
1147
1826
90
988
1652
1626
1764
313
135
644
300
1578
1136
1153
262
508
493
409
866
434
162
661
1997
340
963
1262
544
151
966
603
844
114
430
934
1103
83
561
868
396
697
1512
697
276
648
1850
539
1157
344
948
23
779
1110
685
776
1451
1648
38
1995
1800
1005
599
644
1119
1030
1579
223
1113
141
1091
1510
839
603
207
1115
1252
58
1654
409
402
602
433
1181
1713
1118
1957
1164
767
1996
1160
567
1001
1759
1211
121
790
791
344
1903
933
1435
1413
1772
39
1620
887
1291
1679
542
1701
81
1145
134
1263
858
1253
1221
22
20
1217
1183
587
219
943
1799
340
1733
590
685
1636
1524
121
1050
1296
160
671
184
1451
350
726
1153
432
1871
1288
1695
730
541
917
753
561
135
1936
1149
354
879
948
695
612
1539
1380
249
1063
1501
1299
359
1662
1970
544
1114
320
1271
267
752
1142
1555
448
1873
97
1365
626
659
1500
562
1808
1855
1441
756
550
54
295
1931
303
1359
1433
1602
1718
1095
1572
263
209
1893
1534
477
645
677
33
1094
550
130
459
1176
789
1960
1739
598
1815
1180
1354
366
1235
1650
298
1538
1010
1731
1141
729
827
713
992
1037
607
526
1514
1252
1203
1547
346
1753
1678
806
930
467
767
669
1065
582
1850
420
949
1085
71
1247
624
1081
979
1765
1810
1806
479
803
844
1086
1329
358
339
532
1906
686
286
1584
1492
1216
52
259
1886
1118
842
1736
1538
1792
821
1610
1039
1446
692
19
1211
503
1825
1690
1306
669
777
636
1028
1116
1169
934
1802
1455
518
1295
672
570
1554
558
1688
397
295
1227
189
1116
838
1229
563
1531
1248
1774
34
1073
1465
1341
1743
242
1977
772
1358
1147
1706
1161
602
225
456
1275
796
11
1834
485
408
129
1713
598
1246
551
1827
1809
83
1075
1583
118
149
1049
1459
1893
1292
1437
665
650
584
372
1812
1187
597
268
463
1393
279
297
1879
688
426
1592
1286
1673
144
1114
1482
227
189
1066
345
338
116
1805
231
1408
1243
897
59
1828
1269
1871
1016
1866
140
1479
1260
419
1777
1139
1108
204
732
395
1877
876
1509
1360
1104
1698
427
1450
37
543
1255
269
1951
499
1166
10
328
435
1882
1344
302
22
824
1562
442
602
702
1550
806
1434
1946
684
310
1455
45
1415
1154
472
865
1191
1015
121
1460
967
620
627
977
949
1062
859
294
1365
882
1119
928
1324
1721
1630
874
528
1064
820
1213
1375
276
1258
791
1430
1730
1656
622
746
1777
